%YAML:1.0
---
M1: !!opencv-matrix
   rows: 3
   cols: 3
   dt: d
   data: [ 2.3461953168392861e+02, -6.2774385622041925e+66,
       1.6501982655045416e+02, -6.2774385622041925e+66,
       2.3479161539859911e+02, 1.1598702022595559e+02,
       -6.2774385622041925e+66, -6.2774385622041925e+66,
       -6.2774385622041925e+66 ]
D1: !!opencv-matrix
   rows: 14
   cols: 1
   dt: d
   data: [ -4.5806308113607425e-01, 3.0525915772067197e-01, 0., 0.,
       -1.7269999999999999e-01, 0., 0., -3.5497592640986113e-02, 0., 0.,
       0., 0., 0., 0. ]
M2: !!opencv-matrix
   rows: 3
   cols: 3
   dt: d
   data: [ 2.3461953168392861e+02, -6.2774385622041925e+66,
       1.5875093222297727e+02, -6.2774385622041925e+66,
       2.3479161539859911e+02, 1.2320261808358177e+02,
       -6.2774385622041925e+66, -6.2774385622041925e+66,
       -6.2774385622041925e+66 ]
D2: !!opencv-matrix
   rows: 14
   cols: 1
   dt: d
   data: [ -4.7853096288316616e-01, 4.0669732048440377e-01, 0., 0.,
       -2.3149400000000001e-01, 0., 0., 6.2101445674809373e-02, 0., 0.,
       0., 0., 0., 0. ]
